10.1249 0.76215    
10.6278 0.851129   
11.2456 0.850303   
11.8038 0.894439   
12.6933 0.893378   
13.8722 0.936923   
15.407  0.935391   
17.1117 0.933858   
19.6286 0.931854   
22.8826 0.974456   
26.2483 0.972452   
29.6269 0.970683   
34.5378 0.968443   
40.2612 0.876517   
46.1822 0.82967    
52.1267 0.827902   
61.7571 0.870268   
73.7545 0.733146   
84.5998 0.641456   
97.0433 0.639452   
113.123 0.502683   
138.415 0.454893   
169.36  0.36226    
194.26  0.225727   
231.998 0.0886048  
277.068 -0.0485175 
333.574 -0.185758  
398.37  -0.367723  
471.943 -0.459884  
572.789 -0.642085  
700.817 -0.824404  
816.953 -0.916329  
952.351 -0.963412  
1119.17 -1.05546   
1315.23 -1.10266   
1583.66 -0.925998  
2100.61 -1.01981   
2549.66 -1.02264   
3069.76 -1.07019   
3521.47 -0.93767   
3911.52 -0.670146  
4786.33 -0.583408  
5580.1  -0.406277  
6299.16 -0.0941463 
7110.74 0.173142   
8493.35 0.394762   
10062.5 0.437129   
11636.1 0.435006   
13347.9 0.477845   
15310.6 0.386155   
17137.2 -0.377823  
18722.3 -1.18629   
19964.8 -1.9944    
