10.1179 1.05163    
11.1507 1.09778    
12.0915 1.09896    
13.2186 1.05552    
14.9262 1.10203    
15.7967 1.1476     
17.5506 1.19388    
20.3057 1.19601    
23.1156 1.19789    
25.2708 1.10971    
29.0018 1.11171    
32.2219 1.15799    
36.3849 1.15976    
42.4404 1.07252    
48.3134 1.07441    
55.4475 1.03167    
66.8054 0.944904   
79.8391 0.902759   
92.377  0.770656   
110.402 0.683769   
134.101 0.552375   
160.273 0.376002   
193.11  0.199747   
230.798 0.0233747  
267.038 -0.0639853 
314.019 -0.195852  
366.294 -0.372578  
430.738 -0.504445  
523.212 -0.680581  
615.241 -0.722963  
729.369 -0.854711  
843.877 -0.897328  
992.328 -0.984452  
1176.41 -1.1162    
1361.02 -1.02459   
1536.72 -0.799108  
1749.41 -0.841961  
2024.1  -0.929321  
2458.6  -1.06072   
2891.16 -1.19258   
3317.95 -1.14583   
3626.84 -0.920821  
3807.2  -0.741143  
4195.86 -0.739726  
4776.84 -0.916807  
5437.87 -0.914918  
5992.8  -0.824017  
6498.21 -0.733351  
7219.45 -0.597589  
7956.04 -0.461945  
9356.81 -0.862266  
10915.4 -1.26271   
13152.6 -1.57319   
14851   -1.43719   
17186.3 -2.01672   
18794.5 -2.86552   
20222.1 -3.62508   
