10.1195 0.604142   
10.6219 0.649356   
11.3309 0.694726   
12.0872 0.740097   
12.7905 0.740646   
13.7552 0.741353   
14.3222 0.741745   
15.1555 0.742295   
15.908  0.787508   
16.9702 0.788136   
18.5474 0.789      
20.1081 0.789785   
22.1548 0.835469   
24.4107 0.791668   
26.8959 0.79261    
30.3611 0.793788   
34.5507 0.795044   
39.3185 0.7963     
45.4739 0.75297    
52.593  0.70964    
58.4184 0.665918   
64.3669 0.622118   
72.0777 0.533732   
79.4157 0.534674   
89.6458 0.580594   
107.087 0.492835   
118.947 0.493856   
136.461 0.450448   
160.398 0.362532   
191.609 0.230032   
227.051 0.0974524  
264.727 0.0542013  
306.181 -0.0786135 
357.007 -0.256092  
403.017 -0.3444    
473.721 -0.477058  
552.347 -0.609794  
649.249 -0.742452  
750.917 -0.875266  
868.491 -0.963339  
988.356 -1.00683   
1152.4  -1.13956   
1322.09 -1.18297   
1456.63 -1.09254   
1579.17 -1.04702   
1826.43 -1.13509   
2112.44 -1.2679    
2327.54 -1.3117    
2503.09 -1.311     
2802.79 -1.26515   
3063.28 -1.26429   
3374.96 -1.12912   
3718.41 -1.03869   
3934.7  -0.993402  
4231.38 -0.947953  
4624.56 -0.902347  
5013.61 -0.85682   
5659.14 -0.676672  
6036.88 -0.631302  
6705.06 -0.496054  
7210.38 -0.36112   
8138.9  -0.225714  
9413.07 -0.269044  
11064.3 -0.356959  
12796.6 -0.445031  
15288   -0.801245  
17262.7 -1.51595   
19026.3 -2.32037   
20301.8 -2.94614   
