9.91605 0.424974   
10.5783 0.470345   
11.4689 0.515873   
12.2349 0.561244   
13.159  0.517209   
14.1518 0.562658   
15.2207 0.518623   
16.2384 0.474509   
17.6061 0.475294   
19.2446 0.431416   
21.5513 0.432516   
23.5544 0.522865   
25.1295 0.478751   
28.1416 0.479851   
31.7695 0.525772   
35.2923 0.482051   
39.5226 0.483151   
43.9035 0.484172   
49.1677 0.44053    
54.1779 0.441473   
58.2678 0.44218    
66.3183 0.398694   
73.0761 0.399637   
81.8383 0.355995   
95.4361 0.268003   
110.393 0.224674   
125.645 0.181189   
146.517 0.137939   
173.653 0.00536201 
204.128 0.0516757  
251.899 0.00897597 
300.955 -0.034038  
374.414 -0.121402  
443.744 -0.209236  
530.181 -0.296993  
643.806 -0.429334  
769.24  -0.561833  
926.61  -0.738996  
1116.17 -0.916158  
1301.63 -1.00415   
1457.49 -0.868823  
1645.45 -0.867645  
1903.53 -1.0452    
2293.03 -1.2671    
2631.13 -1.35525   
3068.42 -1.48799   
3407.8  -1.21851   
3664.26 -0.949352  
3972.29 -0.769596  
4484.71 -0.81316   
5314.75 -0.81151   
5761.32 -0.587013  
6245.65 -0.407258  
6880.83 -0.182603  
7338.54 0.175964   
7891.67 0.310899   
8766.75 0.267178   
10306   0.224007   
11172   0.448504   
12013.2 0.672923   
13452.7 0.718765   
15947.7 0.317734   
17583.6 -0.441944  
19387.9 -1.24636   
20528.2 -1.91695   
