10.0383 0.535751   
10.7084 0.581021   
11.5158 0.626368   
12.6884 0.582665   
13.6454 0.58337    
14.6745 0.584075   
15.909  0.629501   
17.2477 0.630284   
18.3996 0.586268   
19.9479 0.587051   
22.5179 0.588226   
25.6253 0.589479   
28.6935 0.635218   
32.653  0.636472   
37.4611 0.59316    
43.6772 0.550006   
49.7044 0.551259   
57.952  0.508104   
67.0246 0.464871   
78.1463 0.421717   
90.3787 0.423126   
102.854 0.335094   
116.108 0.291626   
134.285 0.248393   
159.118 0.205395   
190.076 0.117833   
228.895 0.0749919  
273.434 -0.0572131 
311.166 -0.05596   
371.707 -0.143522  
447.645 -0.320292  
517.725 -0.363525  
593.99  -0.540764  
692.566 -0.628561  
814.081 -0.805565  
972.505 -0.982413  
1124.79 -1.11493   
1290.42 -1.15824   
1456.56 -0.978497  
1553.76 -0.888585  
1754.07 -1.06598   
2012.46 -1.24322   
2253.5  -1.28677   
2691.94 -1.37433   
3088.38 -1.46228   
3348.07 -1.32757   
3600.26 -1.10365   
3871.52 -0.924378  
4163.52 -0.923673  
4513.94 -0.967532  
5220.61 -1.01077   
5568.98 -0.920853  
6235.32 -0.696543  
6759.51 -0.517189  
7152.16 -0.293428  
7816.46 -0.158638  
8612.38 -0.202341  
9881.41 -0.468866  
11245   -0.467613  
12390   -0.511315  
13217   -0.466046  
13761.6 -0.421012  
14328.2 -0.286692  
15039.8 -0.286222  
16708.4 -0.731631  
17685.7 -1.44537   
18872.3 -2.20366   
