9.99548 0.55928     
10.492  0.604493    
11.2836 0.649943    
12.0373 0.695314    
12.946  0.696021    
14.1503 0.696885    
15.0959 0.697514    
15.8464 0.697985    
16.6342 0.698456    
17.7452 0.743827    
20.6921 0.74532     
22.4357 0.701363    
25.3289 0.702542    
27.0206 0.747913    
29.0604 0.74862     
32.2816 0.749641    
37.0388 0.750977    
41.4784 0.752077    
46.829  0.708513    
53.2991 0.665027    
58.7324 0.621228    
65.245  0.577507    
73.6587 0.578685    
85.2057 0.490615    
93.8881 0.491557    
103.455 0.4925      
123.607 0.404744    
150.093 0.317145    
180.792 0.184724    
205.778 0.0964966   
238.028 0.0531684   
282.113 -0.0794089  
342.574 -0.21175    
412.642 -0.344171   
477.363 -0.521726   
556.679 -0.609718   
638.759 -0.697867   
732.942 -0.786016   
882.854 -0.918436   
1029.54 -1.00643    
1210.36 -1.09434    
1388.72 -1.09301    
1619.34 -1.09151    
1828.17 -1.09034    
2097.5  -1.04426    
2485.7  -1.04261    
2852.01 -1.04127    
3142.62 -1.04033    
3407.06 -0.950059   
3815.17 -0.859474   
4004.69 -0.81426    
4306.85 -0.768811   
4745.54 -0.723126   
5145.03 -0.677598   
5577.55 -0.497842   
6245.42 -0.362515   
6825.42 -0.182682   
7399.2  -0.00292652 
7829.82 0.0423658   
8696.77 0.177614    
9739.56 0.133972    
10732.4 0.0901722   
11730.8 0.0910364   
13032   0.00257298  
14360   0.00351575  
16350.5 -0.532136   
17881.9 -1.24715    
19558.1 -2.05165    
20044.1 -2.40935    
