10.124  0.514541   
10.7133 0.559284   
11.7092 0.604027   
12.5928 0.693512   
13.6527 0.738255   
15.1646 0.738255   
17.6803 0.693512   
20.1198 0.64877    
22.8962 0.64877    
24.8232 0.693512   
27.3504 0.693512   
29.4132 0.693512   
33.4721 0.693512   
37.7839 0.64877    
43.3459 0.604027   
48.5368 0.604027   
56.1333 0.559284   
62.3487 0.514541   
70.3828 0.559284   
81.3971 0.469799   
93.3775 0.380313   
102.884 0.380313   
122.892 0.290828   
142.126 0.246085   
168.407 0.246085   
196.337 0.111857   
225.239 0.0671141  
271.22  -0.0671141 
326.605 -0.0671141 
396.463 -0.246085  
469.746 -0.380313  
547.664 -0.469799  
654.159 -0.604027  
794.063 -0.82774   
918.326 -0.917226  
1079.34 -1.00671   
1258.37 -1.0962    
1443.63 -1.0962    
1590.66 -1.00671   
1884.62 -1.23043   
2197.22 -1.31991   
2582.55 -1.31991   
3109.88 -1.36465   
3625.98 -1.27517   
4027.54 -1.27517   
4546.52 -1.23043   
5132.37 -1.18568   
6032.56 -1.14094   
6646.83 -1.0962    
7264.85 -1.00671   
8069.39 -1.00671   
9560.96 -1.14094   
11146.3 -1.36465   
12994.4 -1.58837   
15269.7 -2.17002   
17512.7 -2.88591   
19289.3 -3.69128   
20082.3 -3.95973   
